 132
Simulation 0.0
Si 0.0601407946 2.2882765291 12.1748715502
Si 2.0262811818 1.261531329 11.64539863
Si -1.7885397171 5.6340626415 12.1744659154
Si 0.1696182163 4.5076411894 11.6585090717
Si -3.840440864 8.9210056366 12.1915552721
Si -1.8611739693 7.8785879094 11.6906247874
Si -5.7593719212 12.2921311441 12.1967033675
Si -3.8568264394 11.1457490895 11.6737749437
Si -7.6512201489 15.5899657897 12.2189394564
Si -5.6769733617 14.5281007698 11.6897549163
Si -9.611594103 18.9553410851 12.2124410693
Si -7.6881959278 17.8238719352 11.7146144819
Si -11.5480417149 22.311169764 12.1439628656
Si -9.5872444146 21.1903052965 11.6990795752
Si -13.4523723178 25.736437489 12.1118513846
Si -11.5549258556 24.5491046212 11.6369513237
Si 3.979348852 2.4058053021 12.1959408094
Si 5.8059198187 1.1363203969 11.7068684296
Si 2.1293114155 5.6357314224 12.1980324065
Si 4.1936769952 4.6791547898 11.7116504455
Si 0.0775575518 9.040052197 12.1574056211
Si 1.9460053916 7.8397890119 11.6436026698
Si -1.9103223647 12.270119332 12.0882352307
Si 0.0781489729 11.283029158 11.6056744267
Si -3.7052585368 15.6506364091 12.1477295829
Si -1.7795586959 14.4880646963 11.6397240313
Si -5.7500386529 18.9457162553 12.1454591678
Si -3.7790170157 17.8916770341 11.6949681535
Si -7.6224706488 22.2994034233 12.1350668507
Si -5.6691761319 21.1776818581 11.6876380975
Si -9.619809143 25.6421627735 12.1594980588
Si -7.686192577 24.5327486189 11.6353446256
Si 7.6462699936 2.3826230991 12.174058278
Si 9.5970636813 1.1893601315 11.6230555993
N 5.7803486739 5.604750061 11.8243996827
Si 7.3778023521 4.6695697152 11.7013234996
Si 3.9025646866 8.8569315748 12.1589122819
Si 5.7702625788 7.4724074422 11.6465072968
Si 1.9337415742 12.5935038521 12.0025404584
Si 3.7998645644 11.16901629 11.6219974168
Si 0.3003337509 15.4355888291 11.946784961
C 1.9096273295 14.4694822183 11.8559562081
Si -1.8831480501 19.1222589628 11.94910659
Si -0.0047329525 17.7552267598 11.7097818167
Si -3.6082747481 22.1432290687 11.9690595675
B -1.9022673328 21.1200692085 11.8195438805
Si -5.7691551502 25.6579363467 12.1231111015
Si -3.8354087504 24.4435919613 11.6791347666
Si 11.5377216299 2.2391791908 12.1745755669
Si 13.4868526263 1.1333581519 11.6650468941
Si 9.4521766549 5.5943128643 12.2090624864
Si 11.4130510661 4.4555111593 11.6490067837
Si 7.6324038896 8.7501542105 12.2123191321
Si 9.6486462971 7.8009404064 11.7089030821
Si 5.7482103071 12.1947341032 12.1078505245
Si 7.6273819637 10.9947244592 11.6160344023
Si 3.5226021283 15.395061678 11.9230206222
Si 5.5915359114 14.4025042672 11.591857762
Si 1.8897502145 18.9368016044 12.0003867502
Si 3.7183235252 17.6808269846 11.5805916343
Si -0.2210911782 22.1457530606 11.9555946948
Si 1.8260967909 21.1851901025 11.6176127091
Si -1.9417365068 25.637165689 12.1116473416
Si -0.0620626907 24.4267358826 11.6645993127
Si 15.4273117056 2.2473338033 12.166309734
Si 17.3292689891 1.0807824595 11.6469448542
Si 13.3871345773 5.5483120233 12.1603079467
Si 15.3690147027 4.4832755285 11.6233788028
Si 11.5858553867 8.9140732993 12.2202697572
Si 13.5087542865 7.7744100393 11.6659958934
Si 9.5562057934 12.1872411742 12.0878168228
Si 11.546856396 11.124276205 11.6570291151
Si 7.5528436595 15.5629532203 11.893108707
Si 9.5276925212 14.4087734768 11.4906807568
Si 5.6968399502 18.8103740669 11.8785042001
Si 7.5853898209 17.7350736326 11.2551593076
Si 3.8116799666 22.2554711275 12.0168774043
Si 5.7069348089 21.0958326482 11.4597511011
Si 1.8787472079 25.5682666523 12.0990745955
Si 3.8370965911 24.5082615379 11.5808933341
Si 19.2500243682 2.2358264527 12.1509647289
Si 21.2052136592 1.1485222321 11.6368848013
Si 17.3226003624 5.6043077827 12.165003924
Si 19.2672017613 4.4779313555 11.6278156834
Si 15.4735651651 8.8598739213 12.1992123337
P 17.3639737252 7.789055671 11.5751127242
Si 13.5007158718 12.1946517728 12.1988682378
Si 15.449533382 11.0979141147 11.6688800607
Si 11.5182792067 15.52844907 11.9750587343
Si 13.4978012576 14.4153139403 11.6509196744
Al 9.614471091 18.9159371723 11.6564355398
Si 11.6551026313 17.730711832 11.3883125182
Si 7.6576869432 22.2728902441 11.9242892545
Si 9.6259102647 21.277160572 11.3595877824
Si 5.7504853098 25.6562800352 12.1053771617
Si 7.6768202408 24.5427896486 11.5846946183
Si 23.1646714362 2.2328452134 12.136068948
Si 25.1150880818 1.1388608256 11.6331202512
Si 21.2363621783 5.5596545596 12.1467235748
Si 23.1973085768 4.4688035655 11.6607825917
Si 19.2577880976 8.8768019628 12.2024189791
Si 21.2157476679 7.7959485376 11.6507607824
Si 17.3664098874 12.2500895217 12.1769622874
Si 19.2882428936 11.1170750298 11.6675685142
Si 15.418334105 15.5867603012 12.1423459299
Si 17.381777426 14.4885927534 11.7025485201
Si 13.5113411412 18.9222646906 11.981385011
Si 15.4834638068 17.8287376645 11.6567339021
Si 11.5661022639 22.3227288135 11.9373350091
Si 13.5238135521 21.1859387963 11.5049644613
Si 9.6459403112 25.6375195777 12.0752020215
Si 11.6175999249 24.5765931073 11.5854022436
Si 27.0612631254 2.270996275 12.1303699663
Si 29.0099444171 1.1738580518 11.639871301
Si 25.150543401 5.5810394628 12.168728479
Si 27.1287027424 4.5178276927 11.6616602065
Si 23.1563169953 8.9218082756 12.2009482092
Si 25.102725483 7.8118853634 11.6858586201
Si 21.2303171137 12.2242499205 12.2279131761
Si 23.1846361629 11.1597091051 11.709028481
Si 19.3310748071 15.5985966183 12.2125136648
Si 21.2759609317 14.4726440549 11.7456129744
Si 17.4072125502 18.9582105904 12.1600106179
Si 19.347167987 17.8350730129 11.7125349818
Si 15.4506554971 22.3185327003 12.0553373463
Si 17.4072017966 21.1902365107 11.6273687363
Si 13.5542461398 25.6848706438 12.1018844194
Si 15.5003049897 24.5847511372 11.5974865004
H 11.52293465268682 13.378210518631832 11.177279468825345
C 10.66482698765682 13.429318485246014 10.472171648616499
H 10.76199977109936 14.154880961400401 9.635319686690309
O 9.675808624862205 12.73250664108157 10.609766472445669

######################################
