 16
Simulation 0.0
Pt -5.43514 12.01707 8.6882
Pt -5.04066 9.32523 8.61277
Pt -3.31331 10.91357 9.98617
O -7.15906 14.41336 7.92776
O -7.43584 10.3933 7.00707
O -5.92742 6.55353 7.70484
O -2.66156 7.90821 9.95461
O -3.52887 13.9786 10.10075
O -0.8423 11.23039 11.74368
C -6.49372 13.52032 8.21582
C -6.50941 10.50898 7.71514
C -5.59229 7.59943 8.04717
C -3.31204 8.84532 9.68696
C -3.90078 12.91255 9.78786
C -1.77451 11.11086 11.08033
Zn -5.871363647351927 10.425895815197158 11.740631577449442

######################################
