 31
Simulation 0.0
Pt -2.41157 10.76615 2.35818
Pt -3.66855 11.86454 5.06681
Pt -0.4427 9.36168 3.65263
Pt -0.39929 12.10379 3.65152
Pt -1.42665 11.34272 6.55783
Pt -2.93912 9.27279 5.58495
O -5.14182 10.87469 1.00767
O -5.46356 13.75997 3.49296
O -5.76015 9.68231 4.41813
O -2.30984 7.73984 1.79485
O -2.14409 13.78774 1.75077
O 2.12996 10.67984 4.7156
O -2.40731 14.27575 6.50666
O -0.76112 8.54362 7.65636
O 0.58754 6.67257 4.65376
O 0.83947 14.66604 4.7457
O 1.07823 12.41244 7.9272
O -3.24311 6.27646 5.1093
C -4.08394 10.82648 1.4581
C -4.81496 13.06278 4.13913
C -4.70997 10.04778 4.79545
C -1.94616 8.72898 2.31255
C -1.83277 12.79728 2.29889
C 1.0419 10.69279 4.27407
C -2.47071 13.14456 6.1979
C -1.35245 9.29811 6.97828
C 0.2368 7.68688 4.23896
C 0.39451 13.71124 4.28273
C 0.11324 12.00131 7.45445
C -3.16483 7.40321 5.32942
Zn 1.8529729536794195 11.648055435942856 1.3218650301220358

######################################
